2023/05/07-09:39:40.837218 5abc RocksDB version: 6.10.0
2023/05/07-09:39:40.837297 5abc Git sha rocksdb_build_git_sha:@@GIT_SHA@@
2023/05/07-09:39:40.837313 5abc Compile date Apr 27 2023
2023/05/07-09:39:40.837327 5abc DB SUMMARY
2023/05/07-09:39:40.837928 5abc CURRENT file:  CURRENT
2023/05/07-09:39:40.837947 5abc IDENTITY file:  IDENTITY
2023/05/07-09:39:40.838007 5abc MANIFEST file:  MANIFEST-000014 size: 162 Bytes
2023/05/07-09:39:40.838023 5abc SST files in D:\CFXServer\txData\Project1\db\default dir, Total Num: 1, files: 000004.sst 
2023/05/07-09:39:40.838036 5abc Write Ahead Log file in D:\CFXServer\txData\Project1\db\default: 000015.log size: 0 ; 
2023/05/07-09:39:40.838048 5abc                         Options.error_if_exists: 0
2023/05/07-09:39:40.838427 5abc                       Options.create_if_missing: 1
2023/05/07-09:39:40.838435 5abc                         Options.paranoid_checks: 1
2023/05/07-09:39:40.838439 5abc                                     Options.env: 00000293B43C3F90
2023/05/07-09:39:40.838444 5abc                                      Options.fs: Legacy File System
2023/05/07-09:39:40.838448 5abc                                Options.info_log: 00000293B441C9E0
2023/05/07-09:39:40.838455 5abc                Options.max_file_opening_threads: 16
2023/05/07-09:39:40.838459 5abc                              Options.statistics: 0000000000000000
2023/05/07-09:39:40.838464 5abc                               Options.use_fsync: 0
2023/05/07-09:39:40.838468 5abc                       Options.max_log_file_size: 0
2023/05/07-09:39:40.838472 5abc                  Options.max_manifest_file_size: 1073741824
2023/05/07-09:39:40.838476 5abc                   Options.log_file_time_to_roll: 0
2023/05/07-09:39:40.838480 5abc                       Options.keep_log_file_num: 10
2023/05/07-09:39:40.838484 5abc                    Options.recycle_log_file_num: 0
2023/05/07-09:39:40.838488 5abc                         Options.allow_fallocate: 1
2023/05/07-09:39:40.838492 5abc                        Options.allow_mmap_reads: 0
2023/05/07-09:39:40.838496 5abc                       Options.allow_mmap_writes: 0
2023/05/07-09:39:40.838500 5abc                        Options.use_direct_reads: 0
2023/05/07-09:39:40.838504 5abc                        Options.use_direct_io_for_flush_and_compaction: 0
2023/05/07-09:39:40.838508 5abc          Options.create_missing_column_families: 0
2023/05/07-09:39:40.838512 5abc                              Options.db_log_dir: 
2023/05/07-09:39:40.838516 5abc                                 Options.wal_dir: D:\CFXServer\txData\Project1\db\default
2023/05/07-09:39:40.838520 5abc                Options.table_cache_numshardbits: 6
2023/05/07-09:39:40.838524 5abc                      Options.max_subcompactions: 1
2023/05/07-09:39:40.838528 5abc                         Options.WAL_ttl_seconds: 0
2023/05/07-09:39:40.838532 5abc                       Options.WAL_size_limit_MB: 0
2023/05/07-09:39:40.838535 5abc                        Options.max_write_batch_group_size_bytes: 1048576
2023/05/07-09:39:40.838540 5abc             Options.manifest_preallocation_size: 4194304
2023/05/07-09:39:40.838543 5abc                     Options.is_fd_close_on_exec: 1
2023/05/07-09:39:40.838549 5abc                   Options.advise_random_on_open: 1
2023/05/07-09:39:40.838553 5abc                    Options.db_write_buffer_size: 0
2023/05/07-09:39:40.838557 5abc                    Options.write_buffer_manager: 00000293A2E81130
2023/05/07-09:39:40.838561 5abc         Options.access_hint_on_compaction_start: 1
2023/05/07-09:39:40.838565 5abc  Options.new_table_reader_for_compaction_inputs: 0
2023/05/07-09:39:40.838569 5abc           Options.random_access_max_buffer_size: 1048576
2023/05/07-09:39:40.838573 5abc                      Options.use_adaptive_mutex: 0
2023/05/07-09:39:40.838577 5abc                            Options.rate_limiter: 0000000000000000
2023/05/07-09:39:40.838582 5abc     Options.sst_file_manager.rate_bytes_per_sec: 0
2023/05/07-09:39:40.838587 5abc                       Options.wal_recovery_mode: 2
2023/05/07-09:39:40.838630 5abc                  Options.enable_thread_tracking: 0
2023/05/07-09:39:40.838638 5abc                  Options.enable_pipelined_write: 0
2023/05/07-09:39:40.838643 5abc                  Options.unordered_write: 0
2023/05/07-09:39:40.838648 5abc         Options.allow_concurrent_memtable_write: 1
2023/05/07-09:39:40.838653 5abc      Options.enable_write_thread_adaptive_yield: 1
2023/05/07-09:39:40.838659 5abc             Options.write_thread_max_yield_usec: 100
2023/05/07-09:39:40.838664 5abc            Options.write_thread_slow_yield_usec: 3
2023/05/07-09:39:40.838669 5abc                               Options.row_cache: None
2023/05/07-09:39:40.838674 5abc                              Options.wal_filter: None
2023/05/07-09:39:40.838680 5abc             Options.avoid_flush_during_recovery: 0
2023/05/07-09:39:40.838685 5abc             Options.allow_ingest_behind: 0
2023/05/07-09:39:40.838690 5abc             Options.preserve_deletes: 0
2023/05/07-09:39:40.838695 5abc             Options.two_write_queues: 0
2023/05/07-09:39:40.838699 5abc             Options.manual_wal_flush: 0
2023/05/07-09:39:40.838704 5abc             Options.atomic_flush: 0
2023/05/07-09:39:40.838709 5abc             Options.avoid_unnecessary_blocking_io: 0
2023/05/07-09:39:40.838714 5abc                 Options.persist_stats_to_disk: 0
2023/05/07-09:39:40.838720 5abc                 Options.write_dbid_to_manifest: 0
2023/05/07-09:39:40.838725 5abc                 Options.log_readahead_size: 0
2023/05/07-09:39:40.838730 5abc                 Options.file_checksum_gen_factory: Unknown
2023/05/07-09:39:40.838734 5abc                 Options.best_efforts_recovery: 0
2023/05/07-09:39:40.838738 5abc             Options.max_background_jobs: 2
2023/05/07-09:39:40.838742 5abc             Options.max_background_compactions: -1
2023/05/07-09:39:40.838746 5abc             Options.avoid_flush_during_shutdown: 0
2023/05/07-09:39:40.838749 5abc           Options.writable_file_max_buffer_size: 1048576
2023/05/07-09:39:40.838753 5abc             Options.delayed_write_rate : 16777216
2023/05/07-09:39:40.838757 5abc             Options.max_total_wal_size: 0
2023/05/07-09:39:40.838761 5abc             Options.delete_obsolete_files_period_micros: 21600000000
2023/05/07-09:39:40.838765 5abc                   Options.stats_dump_period_sec: 600
2023/05/07-09:39:40.838769 5abc                 Options.stats_persist_period_sec: 600
2023/05/07-09:39:40.838773 5abc                 Options.stats_history_buffer_size: 1048576
2023/05/07-09:39:40.838777 5abc                          Options.max_open_files: -1
2023/05/07-09:39:40.838780 5abc                          Options.bytes_per_sync: 0
2023/05/07-09:39:40.838784 5abc                      Options.wal_bytes_per_sync: 0
2023/05/07-09:39:40.838788 5abc                   Options.strict_bytes_per_sync: 0
2023/05/07-09:39:40.838792 5abc       Options.compaction_readahead_size: 0
2023/05/07-09:39:40.838796 5abc                  Options.max_background_flushes: -1
2023/05/07-09:39:40.838800 5abc Compression algorithms supported:
2023/05/07-09:39:40.838804 5abc 	kZSTD supported: 0
2023/05/07-09:39:40.838808 5abc 	kSnappyCompression supported: 0
2023/05/07-09:39:40.838812 5abc 	kBZip2Compression supported: 0
2023/05/07-09:39:40.838816 5abc 	kZlibCompression supported: 1
2023/05/07-09:39:40.838820 5abc 	kLZ4Compression supported: 1
2023/05/07-09:39:40.838823 5abc 	kXpressCompression supported: 0
2023/05/07-09:39:40.838827 5abc 	kLZ4HCCompression supported: 1
2023/05/07-09:39:40.838831 5abc 	kZSTDNotFinalCompression supported: 0
2023/05/07-09:39:40.838838 5abc Fast CRC32 supported: Not supported on x86
2023/05/07-09:39:40.839520 5abc [db\version_set.cc:4515] Recovering from manifest file: D:\CFXServer\txData\Project1\db\default/MANIFEST-000014
2023/05/07-09:39:40.843402 5abc [db\column_family.cc:579] --------------- Options for column family [default]:
2023/05/07-09:39:40.843422 5abc               Options.comparator: leveldb.BytewiseComparator
2023/05/07-09:39:40.843426 5abc           Options.merge_operator: None
2023/05/07-09:39:40.843430 5abc        Options.compaction_filter: None
2023/05/07-09:39:40.843492 5abc        Options.compaction_filter_factory: None
2023/05/07-09:39:40.843498 5abc         Options.memtable_factory: SkipListFactory
2023/05/07-09:39:40.843502 5abc            Options.table_factory: BlockBasedTable
2023/05/07-09:39:40.843534 5abc            table_factory options:   flush_block_policy_factory: FlushBlockBySizePolicyFactory (00000293B441D370)
  cache_index_and_filter_blocks: 0
  cache_index_and_filter_blocks_with_high_priority: 1
  pin_l0_filter_and_index_blocks_in_cache: 0
  pin_top_level_index_and_filter: 1
  index_type: 0
  data_block_index_type: 0
  index_shortening: 1
  data_block_hash_table_util_ratio: 0.750000
  hash_index_allow_collision: 1
  checksum: 1
  no_block_cache: 0
  block_cache: 00000293B40D2440
  block_cache_name: LRUCache
  block_cache_options:
    capacity : 8388608
    num_shard_bits : 4
    strict_capacity_limit : 0
    memory_allocator : None
    high_pri_pool_ratio: 0.000
  block_cache_compressed: 0000000000000000
  persistent_cache: 0000000000000000
  block_size: 4096
  block_size_deviation: 10
  block_restart_interval: 16
  index_block_restart_interval: 1
  metadata_block_size: 4096
  partition_filters: 0
  use_delta_encoding: 1
  filter_policy: nullptr
  whole_key_filtering: 1
  verify_compression: 0
  read_amp_bytes_per_bit: 0
  format_version: 4
  enable_index_compression: 1
  block_align: 0
2023/05/07-09:39:40.843538 5abc        Options.write_buffer_size: 67108864
2023/05/07-09:39:40.843542 5abc  Options.max_write_buffer_number: 2
2023/05/07-09:39:40.843546 5abc          Options.compression: LZ4
2023/05/07-09:39:40.843561 5abc                  Options.bottommost_compression: Disabled
2023/05/07-09:39:40.843568 5abc       Options.prefix_extractor: nullptr
2023/05/07-09:39:40.843572 5abc   Options.memtable_insert_with_hint_prefix_extractor: nullptr
2023/05/07-09:39:40.843576 5abc             Options.num_levels: 7
2023/05/07-09:39:40.843580 5abc        Options.min_write_buffer_number_to_merge: 1
2023/05/07-09:39:40.843583 5abc     Options.max_write_buffer_number_to_maintain: 0
2023/05/07-09:39:40.843587 5abc     Options.max_write_buffer_size_to_maintain: 0
2023/05/07-09:39:40.843591 5abc            Options.bottommost_compression_opts.window_bits: -14
2023/05/07-09:39:40.843595 5abc                  Options.bottommost_compression_opts.level: 32767
2023/05/07-09:39:40.843599 5abc               Options.bottommost_compression_opts.strategy: 0
2023/05/07-09:39:40.843603 5abc         Options.bottommost_compression_opts.max_dict_bytes: 0
2023/05/07-09:39:40.843607 5abc         Options.bottommost_compression_opts.zstd_max_train_bytes: 0
2023/05/07-09:39:40.843610 5abc         Options.bottommost_compression_opts.parallel_threads: 1
2023/05/07-09:39:40.843619 5abc                  Options.bottommost_compression_opts.enabled: false
2023/05/07-09:39:40.843623 5abc            Options.compression_opts.window_bits: -14
2023/05/07-09:39:40.843627 5abc                  Options.compression_opts.level: 32767
2023/05/07-09:39:40.843630 5abc               Options.compression_opts.strategy: 0
2023/05/07-09:39:40.843634 5abc         Options.compression_opts.max_dict_bytes: 0
2023/05/07-09:39:40.843638 5abc         Options.compression_opts.zstd_max_train_bytes: 0
2023/05/07-09:39:40.843642 5abc         Options.compression_opts.parallel_threads: 1
2023/05/07-09:39:40.843645 5abc                  Options.compression_opts.enabled: false
2023/05/07-09:39:40.843649 5abc      Options.level0_file_num_compaction_trigger: 4
2023/05/07-09:39:40.843653 5abc          Options.level0_slowdown_writes_trigger: 20
2023/05/07-09:39:40.843657 5abc              Options.level0_stop_writes_trigger: 36
2023/05/07-09:39:40.843661 5abc                   Options.target_file_size_base: 67108864
2023/05/07-09:39:40.843664 5abc             Options.target_file_size_multiplier: 1
2023/05/07-09:39:40.843668 5abc                Options.max_bytes_for_level_base: 268435456
2023/05/07-09:39:40.843672 5abc Options.level_compaction_dynamic_level_bytes: 0
2023/05/07-09:39:40.843682 5abc          Options.max_bytes_for_level_multiplier: 10.000000
2023/05/07-09:39:40.843688 5abc Options.max_bytes_for_level_multiplier_addtl[0]: 1
2023/05/07-09:39:40.843692 5abc Options.max_bytes_for_level_multiplier_addtl[1]: 1
2023/05/07-09:39:40.843696 5abc Options.max_bytes_for_level_multiplier_addtl[2]: 1
2023/05/07-09:39:40.843700 5abc Options.max_bytes_for_level_multiplier_addtl[3]: 1
2023/05/07-09:39:40.843704 5abc Options.max_bytes_for_level_multiplier_addtl[4]: 1
2023/05/07-09:39:40.843707 5abc Options.max_bytes_for_level_multiplier_addtl[5]: 1
2023/05/07-09:39:40.843711 5abc Options.max_bytes_for_level_multiplier_addtl[6]: 1
2023/05/07-09:39:40.843715 5abc       Options.max_sequential_skip_in_iterations: 8
2023/05/07-09:39:40.843719 5abc                    Options.max_compaction_bytes: 1677721600
2023/05/07-09:39:40.843723 5abc                        Options.arena_block_size: 8388608
2023/05/07-09:39:40.843726 5abc   Options.soft_pending_compaction_bytes_limit: 68719476736
2023/05/07-09:39:40.843730 5abc   Options.hard_pending_compaction_bytes_limit: 274877906944
2023/05/07-09:39:40.843734 5abc       Options.rate_limit_delay_max_milliseconds: 100
2023/05/07-09:39:40.843738 5abc                Options.disable_auto_compactions: 0
2023/05/07-09:39:40.843743 5abc                        Options.compaction_style: kCompactionStyleLevel
2023/05/07-09:39:40.843747 5abc                          Options.compaction_pri: kMinOverlappingRatio
2023/05/07-09:39:40.843751 5abc Options.compaction_options_universal.size_ratio: 1
2023/05/07-09:39:40.843755 5abc Options.compaction_options_universal.min_merge_width: 2
2023/05/07-09:39:40.843758 5abc Options.compaction_options_universal.max_merge_width: 4294967295
2023/05/07-09:39:40.843762 5abc Options.compaction_options_universal.max_size_amplification_percent: 200
2023/05/07-09:39:40.843766 5abc Options.compaction_options_universal.compression_size_percent: -1
2023/05/07-09:39:40.843771 5abc Options.compaction_options_universal.stop_style: kCompactionStopStyleTotalSize
2023/05/07-09:39:40.843775 5abc Options.compaction_options_fifo.max_table_files_size: 1073741824
2023/05/07-09:39:40.843778 5abc Options.compaction_options_fifo.allow_compaction: 0
2023/05/07-09:39:40.843785 5abc                   Options.table_properties_collectors: 
2023/05/07-09:39:40.843789 5abc                   Options.inplace_update_support: 0
2023/05/07-09:39:40.843793 5abc                 Options.inplace_update_num_locks: 10000
2023/05/07-09:39:40.843797 5abc               Options.memtable_prefix_bloom_size_ratio: 0.000000
2023/05/07-09:39:40.843801 5abc               Options.memtable_whole_key_filtering: 0
2023/05/07-09:39:40.843805 5abc   Options.memtable_huge_page_size: 0
2023/05/07-09:39:40.843808 5abc                           Options.bloom_locality: 0
2023/05/07-09:39:40.843812 5abc                    Options.max_successive_merges: 0
2023/05/07-09:39:40.843816 5abc                Options.optimize_filters_for_hits: 0
2023/05/07-09:39:40.843820 5abc                Options.paranoid_file_checks: 0
2023/05/07-09:39:40.843824 5abc                Options.force_consistency_checks: 0
2023/05/07-09:39:40.843827 5abc                Options.report_bg_io_stats: 0
2023/05/07-09:39:40.843831 5abc                               Options.ttl: 2592000
2023/05/07-09:39:40.843835 5abc          Options.periodic_compaction_seconds: 0
2023/05/07-09:39:40.845603 5abc [db\version_set.cc:4672] Recovered from manifest file:D:\CFXServer\txData\Project1\db\default/MANIFEST-000014 succeeded,manifest_file_number is 14, next_file_number is 16, last_sequence is 1, log_number is 13,prev_log_number is 0,max_column_family is 0,min_log_number_to_keep is 0
2023/05/07-09:39:40.845616 5abc [db\version_set.cc:4681] Column family [default] (ID 0), log number is 13
2023/05/07-09:39:40.846587 5abc EVENT_LOG_v1 {"time_micros": 1683423580846579, "job": 1, "event": "recovery_started", "log_files": [15]}
2023/05/07-09:39:40.846599 5abc [db\db_impl\db_impl_open.cc:774] Recovering log #15 mode 2
2023/05/07-09:39:40.846699 5abc [db\version_set.cc:3920] Creating manifest 17
2023/05/07-09:39:41.146680 5abc EVENT_LOG_v1 {"time_micros": 1683423581146674, "job": 1, "event": "recovery_finished"}
2023/05/07-09:39:41.147841 5abc [file\delete_scheduler.cc:73] Deleted file D:\CFXServer\txData\Project1\db\default/000015.log immediately, rate_bytes_per_sec 0, total_trash_size 0 max_trash_db_ratio 0.250000
2023/05/07-09:39:41.175120 5abc [db\db_impl\db_impl_open.cc:1576] SstFileManager instance 00000293B45F4EF0
2023/05/07-09:39:41.175702 5abc DB pointer 00000293B465FF30
2023/05/07-09:39:41.176078 510c [db\db_impl\db_impl.cc:854] ------- DUMPING STATS -------
2023/05/07-09:39:41.176091 510c [db\db_impl\db_impl.cc:855] 
** DB Stats **
Uptime(secs): 0.3 total, 0.3 interval
Cumulative writes: 0 writes, 0 keys, 0 commit groups, 0.0 writes per commit group, ingest: 0.00 GB, 0.00 MB/s
Cumulative WAL: 0 writes, 0 syncs, 0.00 writes per sync, written: 0.00 GB, 0.00 MB/s
Cumulative stall: 00:00:0.000 H:M:S, 0.0 percent
Interval writes: 0 writes, 0 keys, 0 commit groups, 0.0 writes per commit group, ingest: 0.00 MB, 0.00 MB/s
Interval WAL: 0 writes, 0 syncs, 0.00 writes per sync, written: 0.00 MB, 0.00 MB/s
Interval stall: 00:00:0.000 H:M:S, 0.0 percent

** Compaction Stats [default] **
Level    Files   Size     Score Read(GB)  Rn(GB) Rnp1(GB) Write(GB) Wnew(GB) Moved(GB) W-Amp Rd(MB/s) Wr(MB/s) Comp(sec) CompMergeCPU(sec) Comp(cnt) Avg(sec) KeyIn KeyDrop
----------------------------------------------------------------------------------------------------------------------------------------------------------------------------
  L0      1/0    0.80 KB   0.2      0.0     0.0      0.0       0.0      0.0       0.0   0.0      0.0      0.0      0.00              0.00         0    0.000       0      0
 Sum      1/0    0.80 KB   0.0      0.0     0.0      0.0       0.0      0.0       0.0   0.0      0.0      0.0      0.00              0.00         0    0.000       0      0
 Int      0/0    0.00 KB   0.0      0.0     0.0      0.0       0.0      0.0       0.0   0.0      0.0      0.0      0.00              0.00         0    0.000       0      0

** Compaction Stats [default] **
Priority    Files   Size     Score Read(GB)  Rn(GB) Rnp1(GB) Write(GB) Wnew(GB) Moved(GB) W-Amp Rd(MB/s) Wr(MB/s) Comp(sec) CompMergeCPU(sec) Comp(cnt) Avg(sec) KeyIn KeyDrop
-------------------------------------------------------------------------------------------------------------------------------------------------------------------------------
Uptime(secs): 0.3 total, 0.3 interval
Flush(GB): cumulative 0.000, interval 0.000
AddFile(GB): cumulative 0.000, interval 0.000
AddFile(Total Files): cumulative 0, interval 0
AddFile(L0 Files): cumulative 0, interval 0
AddFile(Keys): cumulative 0, interval 0
Cumulative compaction: 0.00 GB write, 0.00 MB/s write, 0.00 GB read, 0.00 MB/s read, 0.0 seconds
Interval compaction: 0.00 GB write, 0.00 MB/s write, 0.00 GB read, 0.00 MB/s read, 0.0 seconds
Stalls(count): 0 level0_slowdown, 0 level0_slowdown_with_compaction, 0 level0_numfiles, 0 level0_numfiles_with_compaction, 0 stop for pending_compaction_bytes, 0 slowdown for pending_compaction_bytes, 0 memtable_compaction, 0 memtable_slowdown, interval 0 total count

** File Read Latency Histogram By Level [default] **

** Compaction Stats [default] **
Level    Files   Size     Score Read(GB)  Rn(GB) Rnp1(GB) Write(GB) Wnew(GB) Moved(GB) W-Amp Rd(MB/s) Wr(MB/s) Comp(sec) CompMergeCPU(sec) Comp(cnt) Avg(sec) KeyIn KeyDrop
----------------------------------------------------------------------------------------------------------------------------------------------------------------------------
  L0      1/0    0.80 KB   0.2      0.0     0.0      0.0       0.0      0.0       0.0   0.0      0.0      0.0      0.00              0.00         0    0.000       0      0
 Sum      1/0    0.80 KB   0.0      0.0     0.0      0.0       0.0      0.0       0.0   0.0      0.0      0.0      0.00              0.00         0    0.000       0      0
 Int      0/0    0.00 KB   0.0      0.0     0.0      0.0       0.0      0.0       0.0   0.0      0.0      0.0      0.00              0.00         0    0.000       0      0

** Compaction Stats [default] **
Priority    Files   Size     Score Read(GB)  Rn(GB) Rnp1(GB) Write(GB) Wnew(GB) Moved(GB) W-Amp Rd(MB/s) Wr(MB/s) Comp(sec) CompMergeCPU(sec) Comp(cnt) Avg(sec) KeyIn KeyDrop
-------------------------------------------------------------------------------------------------------------------------------------------------------------------------------
Uptime(secs): 0.3 total, 0.0 interval
Flush(GB): cumulative 0.000, interval 0.000
AddFile(GB): cumulative 0.000, interval 0.000
AddFile(Total Files): cumulative 0, interval 0
AddFile(L0 Files): cumulative 0, interval 0
AddFile(Keys): cumulative 0, interval 0
Cumulative compaction: 0.00 GB write, 0.00 MB/s write, 0.00 GB read, 0.00 MB/s read, 0.0 seconds
Interval compaction: 0.00 GB write, 0.00 MB/s write, 0.00 GB read, 0.00 MB/s read, 0.0 seconds
Stalls(count): 0 level0_slowdown, 0 level0_slowdown_with_compaction, 0 level0_numfiles, 0 level0_numfiles_with_compaction, 0 stop for pending_compaction_bytes, 0 slowdown for pending_compaction_bytes, 0 memtable_compaction, 0 memtable_slowdown, interval 0 total count

** File Read Latency Histogram By Level [default] **
2023/05/07-09:49:41.176738 510c [db\db_impl\db_impl.cc:854] ------- DUMPING STATS -------
2023/05/07-09:49:41.176767 510c [db\db_impl\db_impl.cc:855] 
** DB Stats **
Uptime(secs): 600.3 total, 600.0 interval
Cumulative writes: 0 writes, 0 keys, 0 commit groups, 0.0 writes per commit group, ingest: 0.00 GB, 0.00 MB/s
Cumulative WAL: 0 writes, 0 syncs, 0.00 writes per sync, written: 0.00 GB, 0.00 MB/s
Cumulative stall: 00:00:0.000 H:M:S, 0.0 percent
Interval writes: 0 writes, 0 keys, 0 commit groups, 0.0 writes per commit group, ingest: 0.00 MB, 0.00 MB/s
Interval WAL: 0 writes, 0 syncs, 0.00 writes per sync, written: 0.00 MB, 0.00 MB/s
Interval stall: 00:00:0.000 H:M:S, 0.0 percent

** Compaction Stats [default] **
Level    Files   Size     Score Read(GB)  Rn(GB) Rnp1(GB) Write(GB) Wnew(GB) Moved(GB) W-Amp Rd(MB/s) Wr(MB/s) Comp(sec) CompMergeCPU(sec) Comp(cnt) Avg(sec) KeyIn KeyDrop
----------------------------------------------------------------------------------------------------------------------------------------------------------------------------
  L0      1/0    0.80 KB   0.2      0.0     0.0      0.0       0.0      0.0       0.0   0.0      0.0      0.0      0.00              0.00         0    0.000       0      0
 Sum      1/0    0.80 KB   0.0      0.0     0.0      0.0       0.0      0.0       0.0   0.0      0.0      0.0      0.00              0.00         0    0.000       0      0
 Int      0/0    0.00 KB   0.0      0.0     0.0      0.0       0.0      0.0       0.0   0.0      0.0      0.0      0.00              0.00         0    0.000       0      0

** Compaction Stats [default] **
Priority    Files   Size     Score Read(GB)  Rn(GB) Rnp1(GB) Write(GB) Wnew(GB) Moved(GB) W-Amp Rd(MB/s) Wr(MB/s) Comp(sec) CompMergeCPU(sec) Comp(cnt) Avg(sec) KeyIn KeyDrop
-------------------------------------------------------------------------------------------------------------------------------------------------------------------------------
Uptime(secs): 600.3 total, 600.0 interval
Flush(GB): cumulative 0.000, interval 0.000
AddFile(GB): cumulative 0.000, interval 0.000
AddFile(Total Files): cumulative 0, interval 0
AddFile(L0 Files): cumulative 0, interval 0
AddFile(Keys): cumulative 0, interval 0
Cumulative compaction: 0.00 GB write, 0.00 MB/s write, 0.00 GB read, 0.00 MB/s read, 0.0 seconds
Interval compaction: 0.00 GB write, 0.00 MB/s write, 0.00 GB read, 0.00 MB/s read, 0.0 seconds
Stalls(count): 0 level0_slowdown, 0 level0_slowdown_with_compaction, 0 level0_numfiles, 0 level0_numfiles_with_compaction, 0 stop for pending_compaction_bytes, 0 slowdown for pending_compaction_bytes, 0 memtable_compaction, 0 memtable_slowdown, interval 0 total count

** File Read Latency Histogram By Level [default] **

** Compaction Stats [default] **
Level    Files   Size     Score Read(GB)  Rn(GB) Rnp1(GB) Write(GB) Wnew(GB) Moved(GB) W-Amp Rd(MB/s) Wr(MB/s) Comp(sec) CompMergeCPU(sec) Comp(cnt) Avg(sec) KeyIn KeyDrop
----------------------------------------------------------------------------------------------------------------------------------------------------------------------------
  L0      1/0    0.80 KB   0.2      0.0     0.0      0.0       0.0      0.0       0.0   0.0      0.0      0.0      0.00              0.00         0    0.000       0      0
 Sum      1/0    0.80 KB   0.0      0.0     0.0      0.0       0.0      0.0       0.0   0.0      0.0      0.0      0.00              0.00         0    0.000       0      0
 Int      0/0    0.00 KB   0.0      0.0     0.0      0.0       0.0      0.0       0.0   0.0      0.0      0.0      0.00              0.00         0    0.000       0      0

** Compaction Stats [default] **
Priority    Files   Size     Score Read(GB)  Rn(GB) Rnp1(GB) Write(GB) Wnew(GB) Moved(GB) W-Amp Rd(MB/s) Wr(MB/s) Comp(sec) CompMergeCPU(sec) Comp(cnt) Avg(sec) KeyIn KeyDrop
-------------------------------------------------------------------------------------------------------------------------------------------------------------------------------
Uptime(secs): 600.3 total, 0.0 interval
Flush(GB): cumulative 0.000, interval 0.000
AddFile(GB): cumulative 0.000, interval 0.000
AddFile(Total Files): cumulative 0, interval 0
AddFile(L0 Files): cumulative 0, interval 0
AddFile(Keys): cumulative 0, interval 0
Cumulative compaction: 0.00 GB write, 0.00 MB/s write, 0.00 GB read, 0.00 MB/s read, 0.0 seconds
Interval compaction: 0.00 GB write, 0.00 MB/s write, 0.00 GB read, 0.00 MB/s read, 0.0 seconds
Stalls(count): 0 level0_slowdown, 0 level0_slowdown_with_compaction, 0 level0_numfiles, 0 level0_numfiles_with_compaction, 0 stop for pending_compaction_bytes, 0 slowdown for pending_compaction_bytes, 0 memtable_compaction, 0 memtable_slowdown, interval 0 total count

** File Read Latency Histogram By Level [default] **
